-9.54202651977539 0.011709691025316715 0.672210693359375
-8.948190689086914 0.011567525565624237 -2.97821044921875
-8.460936546325684 0.011554870754480362 -3.303131103515625
-7.981110095977783 0.011551454663276672 -3.390869140625
-7.503785133361816 0.011551454663276672 -3.390869140625
-7.0023932456970215 0.01151188649237156 -4.4068603515625
-6.526703834533691 0.01151188649237156 -4.4068603515625
-6.051014423370361 0.01151188649237156 -4.4068603515625
-5.5753254890441895 0.01151188649237156 -4.4068603515625
-5.099636077880859 0.01151188649237156 -4.4068603515625
-4.6239471435546875 0.01151188649237156 -4.4068603515625
-4.148257732391357 0.01151188649237156 -4.4068603515625
-3.6725685596466064 0.01151188649237156 -4.4068603515625
-3.1968791484832764 0.01151188649237156 -4.4068603515625
-2.7211899757385254 0.01151188649237156 -4.4068603515625
-2.2455008029937744 0.01151188649237156 -4.4068603515625
-1.7698115110397339 0.01151188649237156 -4.4068603515625
-1.2941220998764038 0.01151188649237156 -4.4068603515625
-0.8184328675270081 0.01151188649237156 -4.4068603515625
-0.3427436351776123 0.01151188649237156 -4.4068603515625
0.13294562697410583 0.01151188649237156 -4.4068603515625
0.608634889125824 0.01151188649237156 -4.4068603515625
1.0843241214752197 0.01151188649237156 -4.4068603515625
1.5600134134292603 0.01151188649237156 -4.4068603515625
2.0357024669647217 0.01151188649237156 -4.4068603515625
2.5113918781280518 0.01151188649237156 -4.4068603515625
2.9870810508728027 0.01151188649237156 -4.4068603515625
3.462770462036133 0.01151188649237156 -4.4068603515625
3.938459634780884 0.01151188649237156 -4.4068603515625
4.414148807525635 0.01151188649237156 -4.4068603515625
4.889838218688965 0.01151188649237156 -4.4068603515625
5.365527629852295 0.01151188649237156 -4.4068603515625
5.841216564178467 0.01151188649237156 -4.4068603515625
6.316905975341797 0.01151188649237156 -4.4068603515625
6.792595386505127 0.01151188649237156 -4.4068603515625
7.293266296386719 0.011551454663276672 -3.390869140625
7.771501064300537 0.011552806943655014 -3.35614013671875
8.254828453063965 0.0115611357614398 -3.14227294921875
8.755438804626465 0.01159143727272749 -2.364227294921875
