5.873330593109131 -0.6176199913024902 -6.69287109375
6.507354736328125 -0.6177231073379517 -6.627197265625
7.1415886878967285 -0.6178261041641235 -6.56158447265625
7.763576984405518 -0.6169393062591553 -7.1263427734375
8.395816802978516 -0.6169393062591553 -7.1263427734375
9.028390884399414 -0.6169621348381042 -7.11181640625
9.662297248840332 -0.6170670986175537 -7.04498291015625
10.296664237976074 -0.6171867251396179 -6.968780517578125
10.9312744140625 -0.6173062324523926 -6.892669677734375
11.56613826751709 -0.6174262166023254 -6.816253662109375
12.20128059387207 -0.617547869682312 -6.738800048828125
12.83658504486084 -0.6176653504371643 -6.66400146484375
13.472184181213379 -0.6177852153778076 -6.587646484375
14.085978507995605 -0.6169393658638 -7.12628173828125
14.718214988708496 -0.6169392466545105 -7.126373291015625
15.350629806518555 -0.616946280002594 -7.12188720703125
15.985153198242188 -0.6170341372489929 -7.065948486328125
16.620704650878906 -0.617153525352478 -6.98992919921875
17.256641387939453 -0.6172778606414795 -6.910736083984375
17.8925724029541 -0.6173932552337646 -6.837249755859375
18.528959274291992 -0.6175159215927124 -6.759124755859375
19.165424346923828 -0.6176331043243408 -6.68450927734375
19.80223274230957 -0.6177534461021423 -6.607879638671875
-9.22033405303955 0.015158167108893394 -10.780548095703125
-8.593975067138672 0.015158167108893394 -10.780548095703125
-7.967615604400635 0.015158167108893394 -10.780548095703125
-7.341256618499756 0.015158167108893394 -10.780548095703125
-6.714897155761719 0.015158167108893394 -10.780548095703125
-6.08853816986084 0.015158167108893394 -10.780548095703125
-5.462178707122803 0.015158167108893394 -10.780548095703125
-4.835819244384766 0.015158167108893394 -10.780548095703125
-4.209460258483887 0.015158167108893394 -10.780548095703125
-3.5831007957458496 0.015158167108893394 -10.780548095703125
-2.9567415714263916 0.015158167108893394 -10.780548095703125
-2.3303823471069336 0.015158167108893394 -10.780548095703125
-1.7040228843688965 0.015158167108893394 -10.780548095703125
-1.0776636600494385 0.015158167108893394 -10.780548095703125
-0.4513044059276581 0.015158167108893394 -10.780548095703125
0.1766994744539261 0.015300573781132698 -7.123931884765625
0.8089432120323181 0.015300572849810123 -7.12396240234375
1.4411871433258057 0.015300573781132698 -7.123931884765625
2.073643445968628 0.0153021439909935 -7.0836181640625
2.7064030170440674 0.015304693020880222 -7.018157958984375
3.33937406539917 0.015307246707379818 -6.952606201171875
3.972555637359619 0.01530979759991169 -6.8870849609375
4.605948448181152 0.015312351286411285 -6.821533203125
5.239572525024414 0.015314963646233082 -6.75445556640625
