-11.503801345825195 0.011261777020990849 -10.8289794921875
-11.038446426391602 0.011261777020990849 -10.8289794921875
-10.573091506958008 0.011261777020990849 -10.8289794921875
-10.10773754119873 0.011261777020990849 -10.8289794921875
-9.642383575439453 0.011261777020990849 -10.8289794921875
-9.177029609680176 0.011261777020990849 -10.8289794921875
-8.711674690246582 0.011261777020990849 -10.8289794921875
-8.246320724487305 0.011261777020990849 -10.8289794921875
-7.780966281890869 0.011261777020990849 -10.8289794921875
-7.315612316131592 0.011261777020990849 -10.8289794921875
-6.850257396697998 0.011261777020990849 -10.8289794921875
-6.3849029541015625 0.011261777020990849 -10.8289794921875
-5.919548988342285 0.011261777020990849 -10.8289794921875
-5.45419454574585 0.011261777020990849 -10.8289794921875
-4.988840579986572 0.011261777020990849 -10.8289794921875
-4.5234856605529785 0.011261777020990849 -10.8289794921875
-4.058131694793701 0.011261777020990849 -10.8289794921875
-3.5927772521972656 0.011261777020990849 -10.8289794921875
-3.127423048019409 0.011261777020990849 -10.8289794921875
-2.6620688438415527 0.011261777020990849 -10.8289794921875
-2.196714401245117 0.011261777020990849 -10.8289794921875
-1.7313600778579712 0.011261777020990849 -10.8289794921875
-1.2660057544708252 0.011261777020990849 -10.8289794921875
-0.8006514310836792 0.011261777020990849 -10.8289794921875
-0.3352971076965332 0.011261777020990849 -10.8289794921875
0.13172054290771484 0.011405805125832558 -7.1307373046875
0.6030269861221313 0.011405817233026028 -7.13043212890625
1.0743461847305298 0.011405953206121922 -7.126922607421875
1.545637845993042 0.011405805125832558 -7.1307373046875
2.0171263217926025 0.011406837962567806 -7.104217529296875
2.4888875484466553 0.01140872947871685 -7.055633544921875
2.9608311653137207 0.011410721577703953 -7.004486083984375
3.432887077331543 0.011412540450692177 -6.957794189453125
3.905122995376587 0.01141444593667984 -6.90887451171875
4.377511978149414 0.011416340246796608 -6.8602294921875
4.850063800811768 0.011418248526751995 -6.811248779296875
5.322912216186523 0.01142045482993126 -6.75457763671875
5.795665740966797 0.011422114446759224 -6.711944580078125
6.268692970275879 0.011424023658037186 -6.662933349609375
6.741842269897461 0.011425871402025223 -6.615478515625
7.215175628662109 0.011427770368754864 -6.566741943359375
7.672621250152588 0.011405817233026028 -7.13043212890625
8.143945693969727 0.011405842378735542 -7.129791259765625
8.61528205871582 0.011405879631638527 -7.128814697265625
9.086966514587402 0.011406351812183857 -7.11669921875
9.559775352478027 0.011408118531107903 -7.071319580078125
10.033125877380371 0.011410336010158062 -7.014404296875
10.506660461425781 0.011412552557885647 -6.957489013671875
10.980378150939941 0.011414770036935806 -6.900543212890625
11.454279899597168 0.01141698844730854 -6.84356689453125
11.928366661071777 0.011419207789003849 -6.786590576171875
12.402623176574707 0.011421416886150837 -6.729888916015625
12.877135276794434 0.01142368745058775 -6.67156982421875
13.351716041564941 0.011425858363509178 -6.615814208984375
13.826526641845703 0.011428069323301315 -6.559051513671875
14.270910263061523 0.011405817233026028 -7.13043212890625
14.74224853515625 0.011405842378735542 -7.129791259765625
15.213605880737305 0.011405879631638527 -7.128814697265625
15.685853958129883 0.011406563222408295 -7.11126708984375
16.160066604614258 0.011408592574298382 -7.059173583984375
16.634735107421875 0.011410821229219437 -7.001953125
17.109573364257812 0.011413038708269596 -6.94500732421875
17.584592819213867 0.011415256187319756 -6.8880615234375
18.059799194335938 0.011417475529015064 -6.831085205078125
18.53520965576172 0.011419706977903843 -6.773773193359375
19.010786056518555 0.011421927250921726 -6.716766357421875
19.486589431762695 0.011424173600971699 -6.659088134765625
19.962493896484375 0.011426371522247791 -6.6026611328125
20.438623428344727 0.011428593657910824 -6.54559326171875
20.869197845458984 0.011405817233026028 -7.13043212890625
21.340503692626953 0.011405817233026028 -7.13043212890625
