-27.148624420166016 0.5175979137420654 14.035430908203125
-26.641515731811523 0.517564058303833 14.014892578125
-26.13446807861328 0.5175301432609558 13.99432373046875
-25.627487182617188 0.5174962282180786 13.9737548828125
-25.120573043823242 0.5174623727798462 13.95318603515625
-24.613727569580078 0.5174285173416138 13.932647705078125
-24.10694694519043 0.5173946619033813 13.912109375
-23.600234985351562 0.5173608064651489 13.891571044921875
-23.093584060668945 0.5173268914222717 13.871002197265625
-22.58700180053711 0.5172930359840393 13.8504638671875
-22.080488204956055 0.5172591805458069 13.829925537109375
-21.574039459228516 0.5172253251075745 13.80938720703125
-21.067655563354492 0.5171915292739868 13.788848876953125
-20.561336517333984 0.5171575546264648 13.768280029296875
-20.055086135864258 0.5171237587928772 13.74774169921875
-19.548900604248047 0.5170899033546448 13.727203369140625
-19.042781829833984 0.5170559883117676 13.7066650390625
-18.53672981262207 0.5170221924781799 13.686126708984375
-18.030744552612305 0.5169883966445923 13.665618896484375
-17.524826049804688 0.5169546008110046 13.645111083984375
-17.018972396850586 0.5169206857681274 13.62457275390625
-16.513185501098633 0.5168869495391846 13.60406494140625
-16.007465362548828 0.5168531537055969 13.58355712890625
-15.501811027526855 0.5168192982673645 13.56304931640625
-14.996222496032715 0.5167855024337769 13.54254150390625
-14.490699768066406 0.5167517066001892 13.52203369140625
-13.985243797302246 0.5167179703712463 13.501556396484375
-13.479386329650879 0.5166662335395813 13.47015380859375
-12.971319198608398 0.5165225863456726 13.38299560546875
-12.459602355957031 0.516215980052948 13.196990966796875
-11.943758010864258 0.515705406665802 12.88720703125
-10.572731971740723 0.476599782705307 -10.838836669921875
-10.05544662475586 0.47415027022361755 -12.324981689453125
-9.565702438354492 0.4728257358074188 -13.12860107421875
-9.085624694824219 0.4718688726425171 -13.70916748046875
-8.610663414001465 0.4710897207260132 -14.181884765625
-8.140589714050293 0.4705049991607666 -14.53662109375
-7.673196315765381 0.47001466155052185 -14.834136962890625
-7.208179473876953 0.46961674094200134 -15.0755615234375
-6.745221138000488 0.46930795907974243 -15.262908935546875
-6.283721923828125 0.4690631031990051 -15.411468505859375
-5.823558330535889 0.46888723969459534 -15.518157958984375
-5.364501953125 0.46877822279930115 -15.584320068359375
-4.905884742736816 0.46869075298309326 -15.63739013671875
-4.447843074798584 0.4686459004878998 -15.664581298828125
-3.989888906478882 0.4686010777950287 -15.6917724609375
-3.53202223777771 0.46855628490448 -15.718963623046875
-3.0742435455322266 0.4685114920139313 -15.746124267578125
-2.6165518760681152 0.46846669912338257 -15.7733154296875
-2.1589479446411133 0.46842190623283386 -15.80047607421875
-1.701431393623352 0.46837717294692993 -15.82763671875
-1.2440024614334106 0.4683323800563812 -15.85479736328125
-0.7866608500480652 0.4682876467704773 -15.8819580078125
-0.32940661907196045 0.4682428538799286 -15.90911865234375
0.1277601718902588 0.46819815039634705 -15.936248779296875
0.5848396420478821 0.4681534171104431 -15.96337890625
1.0418318510055542 0.4681087136268616 -15.990509033203125
1.4987366199493408 0.46806398034095764 -16.01763916015625
1.9555543661117554 0.4680192470550537 -16.044769287109375
2.4122843742370605 0.46797454357147217 -16.0718994140625
2.868927478790283 0.467929869890213 -16.0989990234375
3.325483560562134 0.46788522601127625 -16.1260986328125
3.781952142715454 0.4678404927253723 -16.153228759765625
4.238333702087402 0.46779587864875793 -16.1802978515625
4.6946282386779785 0.46775123476982117 -16.2073974609375
5.1508355140686035 0.4677065908908844 -16.234466552734375
5.606956481933594 0.4676620066165924 -16.26153564453125
16.07375144958496 0.46663784980773926 -16.882904052734375
16.527788162231445 0.46659335494041443 -16.909881591796875
16.981740951538086 0.46654894948005676 -16.93682861328125
17.435606002807617 0.4665045738220215 -16.963775634765625
17.88938331604004 0.46646010875701904 -16.99072265625
18.343074798583984 0.46641573309898376 -17.017669677734375
18.796682357788086 0.4663713872432709 -17.044586181640625
19.250202178955078 0.4663269817829132 -17.071502685546875
19.703636169433594 0.4662826359272003 -17.098419189453125
20.156984329223633 0.4662382900714874 -17.125335693359375
20.610244750976562 0.46619388461112976 -17.152252197265625
21.063417434692383 0.46614953875541687 -17.179168701171875
21.516508102416992 0.46610525250434875 -17.2060546875
21.969511032104492 0.46606090664863586 -17.232940673828125
22.422428131103516 0.46601659059524536 -17.25982666015625
22.875255584716797 0.46597224473953247 -17.2867431640625
23.328001022338867 0.46592795848846436 -17.3135986328125
23.780656814575195 0.46588364243507385 -17.340484619140625
24.233230590820312 0.4658394157886505 -17.367340087890625
24.685714721679688 0.4657950699329376 -17.39422607421875
25.13811683654785 0.4657508432865143 -17.421051025390625
25.59042739868164 0.46570655703544617 -17.44793701171875
26.04265785217285 0.4656623601913452 -17.474761962890625
