-0.3423573970794678 -9.491562843322754 -4.739959716796875
-0.34284716844558716 -9.029309272766113 -4.31756591796875
-0.3426308333873749 -8.548078536987305 -4.504150390625
-0.34252962470054626 -8.070161819458008 -4.5914306640625
-0.34291762113571167 -7.603372097015381 -4.256805419921875
-0.34235522150993347 -7.115753173828125 -4.7418212890625
-0.3428880572319031 -6.650938510894775 -4.28228759765625
-0.3425828218460083 -6.169550895690918 -4.545562744140625
-0.342578262090683 -5.694009780883789 -4.549468994140625
-0.3428819179534912 -5.223175525665283 -4.28759765625
-0.3423537015914917 -4.739981174468994 -4.743133544921875
-0.34292519092559814 -4.2719526290893555 -4.250274658203125
-0.34234994649887085 -3.7896437644958496 -4.746368408203125
-0.34235507249832153 -3.3145508766174316 -4.741943359375
-0.3420695662498474 -2.8370325565338135 -4.988189697265625
-0.3379976153373718 -2.3341586589813232 -8.499969482421875
-0.3379976153373718 -1.8650565147399902 -8.499969482421875
-0.3379976153373718 -1.3959542512893677 -8.499969482421875
-0.3379976153373718 -0.9268519878387451 -8.499969482421875
-0.3379976153373718 -0.45774972438812256 -8.499969482421875
-0.3379976153373718 0.0113524803891778 -8.499969482421875
-0.3379976153373718 0.4804547429084778 -8.499969482421875
-0.3379976153373718 0.9495570063591003 -8.499969482421875
-0.3379976153373718 1.4186592102050781 -8.499969482421875
-0.3379976153373718 1.8877614736557007 -8.499969482421875
-0.3379976153373718 2.3568637371063232 -8.499969482421875
-0.3379976153373718 2.8259658813476562 -8.499969482421875
-0.3379976153373718 3.2950682640075684 -8.499969482421875
-0.3379976153373718 3.7641704082489014 -8.499969482421875
-0.3379976153373718 4.233272552490234 -8.499969482421875
-0.3379976153373718 4.7023749351501465 -8.499969482421875
-0.3379976153373718 5.1714768409729 -8.499969482421875
-0.3379976153373718 5.6405792236328125 -8.499969482421875
-0.3379976153373718 6.109681606292725 -8.499969482421875
-0.3379976153373718 6.578783988952637 -8.499969482421875
-0.3379976153373718 7.047885894775391 -8.499969482421875
-0.3379976153373718 7.5169878005981445 -8.499969482421875
-0.3379976153373718 7.986091136932373 -8.499969482421875
-0.3379976153373718 8.455193519592285 -8.499969482421875
-0.3379976153373718 8.924295425415039 -8.499969482421875
-0.3379976153373718 9.393397331237793 -8.499969482421875
