-0.45494091510772705 1.909499168395996 -7.644287109375
-0.4543300271034241 2.5374932289123535 -8.171173095703125
-0.4539487957954407 3.165393114089966 -8.499969482421875
-0.4539487957954407 3.795422315597534 -8.499969482421875
-0.4539487957954407 4.425451755523682 -8.499969482421875
-0.4539487957954407 5.05548095703125 -8.499969482421875
-0.4539487957954407 5.685510158538818 -8.499969482421875
-0.4539487957954407 6.315539360046387 -8.499969482421875
-0.4539487957954407 6.945568084716797 -8.499969482421875
-0.4539487957954407 7.575597286224365 -8.499969482421875
-0.4539487957954407 8.20562744140625 -8.499969482421875
-0.4539487957954407 8.835657119750977 -8.499969482421875
-0.4539487957954407 9.465685844421387 -8.499969482421875
-0.4539487957954407 10.095714569091797 -8.499969482421875
-0.4539487957954407 10.725744247436523 -8.499969482421875
-0.4539487957954407 11.355772972106934 -8.499969482421875
-0.4539487957954407 11.98580265045166 -8.499969482421875
-0.4539487957954407 12.61583137512207 -8.499969482421875
-0.4539487957954407 13.245862007141113 -8.499969482421875
-0.4539487957954407 13.875890731811523 -8.499969482421875
-0.4539487957954407 14.50592041015625 -8.499969482421875
-0.4539487957954407 15.13594913482666 -8.499969482421875
-0.4539487957954407 15.765978813171387 -8.499969482421875
-0.45278921723365784 16.3541259765625 -9.5
-0.45278921723365784 16.982545852661133 -9.5
-0.45278921723365784 17.610965728759766 -9.5
-0.45278921723365784 18.2393856048584 -9.5
-0.45278921723365784 18.86780548095703 -9.5
-0.45278921723365784 19.496225357055664 -9.5
-0.45278921723365784 20.124645233154297 -9.5
-0.45278921723365784 20.75306510925293 -9.5
-0.45278921723365784 21.381484985351562 -9.5
-0.45278921723365784 22.009904861450195 -9.5
-0.45278921723365784 22.638324737548828 -9.5
-0.45278921723365784 23.26674461364746 -9.5
-0.45278921723365784 23.895164489746094 -9.5
-0.45278921723365784 24.523584365844727 -9.5
-0.45278921723365784 25.15200424194336 -9.5
-0.45278921723365784 25.780424118041992 -9.5
-0.45278921723365784 26.408845901489258 -9.5
-0.45278921723365784 27.03726577758789 -9.5
-0.45278921723365784 27.665685653686523 -9.5
-0.45278921723365784 28.294105529785156 -9.5
-0.45278921723365784 28.92252540588379 -9.5
-0.45278921723365784 29.550945281982422 -9.5
-0.44927331805229187 29.945022583007812 -12.5322265625
-0.4481711685657501 30.493572235107422 -13.482757568359375
0.17362754046916962 31.07763671875 -13.954132080078125
0.17361797392368317 31.697139739990234 -13.97540283203125
0.17361797392368317 32.318359375 -13.97540283203125
0.17361797392368317 32.939579010009766 -13.97540283203125
0.17361797392368317 33.560794830322266 -13.97540283203125
0.17361797392368317 34.18201446533203 -13.97540283203125
0.17361797392368317 34.80323028564453 -13.97540283203125
0.17361797392368317 35.42444610595703 -13.97540283203125
0.17361797392368317 36.0456657409668 -13.97540283203125
0.17361797392368317 36.6668815612793 -13.97540283203125
0.17361797392368317 37.28810119628906 -13.97540283203125
0.17361797392368317 37.90931701660156 -13.97540283203125
0.17361797392368317 38.53053665161133 -13.97540283203125
0.17361797392368317 39.15175247192383 -13.97540283203125
0.17361797392368317 39.772972106933594 -13.97540283203125
0.17361797392368317 40.39419174194336 -13.97540283203125
0.17361916601657867 41.015689849853516 -13.972747802734375
0.1738119274377823 41.683143615722656 -13.54412841796875
0.17475436627864838 42.5344352722168 -11.44873046875
0.17475436627864838 43.15972137451172 -11.44873046875
0.17475436627864838 43.785003662109375 -11.44873046875
0.17475436627864838 44.41028594970703 -11.44873046875
0.17475436627864838 45.03557205200195 -11.44873046875
0.17475436627864838 45.660858154296875 -11.44873046875
0.17475436627864838 46.28614044189453 -11.44873046875
0.17475436627864838 46.91142272949219 -11.44873046875
0.17475436627864838 47.536705017089844 -11.44873046875
0.17475436627864838 48.161991119384766 -11.44873046875
0.17371498048305511 48.49710464477539 -13.75970458984375
0.17362841963768005 49.09419250488281 -13.952178955078125
0.17362840473651886 49.7154426574707 -13.95220947265625
0.17362840473651886 50.33669662475586 -13.95220947265625
0.17362840473651886 50.95795440673828 -13.95220947265625
0.17362840473651886 51.57920837402344 -13.95220947265625
0.17362840473651886 52.20046615600586 -13.95220947265625
0.17362840473651886 52.821720123291016 -13.95220947265625
0.17381323873996735 53.4998664855957 -13.541259765625
0.17434149980545044 54.28627014160156 -12.36669921875
0.1742590218782425 54.88410186767578 -12.550079345703125
0.17422975599765778 55.498294830322266 -12.615142822265625
0.174204483628273 56.11355972290039 -12.671356201171875
0.1743384599685669 56.780513763427734 -12.373443603515625
0.17417801916599274 57.351478576660156 -12.730194091796875
0.1743384599685669 58.028106689453125 -12.373443603515625
0.1743384599685669 58.65189743041992 -12.373443603515625
0.1743384599685669 59.275691986083984 -12.373443603515625
