-6.381127834320068 -0.4538239538669586 -10.999969482421875
-5.916049003601074 -0.4538239538669586 -10.999969482421875
-5.450969696044922 -0.4538239538669586 -10.999969482421875
-4.9858903884887695 -0.4538239538669586 -10.999969482421875
-4.520811080932617 -0.4538239538669586 -10.999969482421875
-4.055731773376465 -0.4538239538669586 -10.999969482421875
-3.5906529426574707 -0.4538239538669586 -10.999969482421875
-3.1255738735198975 -0.4538239538669586 -10.999969482421875
-2.660494565963745 -0.4538239538669586 -10.999969482421875
-2.195415496826172 -0.4538239538669586 -10.999969482421875
-1.7303361892700195 -0.4538239538669586 -10.999969482421875
-1.2652571201324463 -0.4538239538669586 -10.999969482421875
-0.8001995086669922 -0.4538361430168152 -10.992218017578125
-0.3351408541202545 -0.45388081669807434 -10.9637451171875
0.12971004843711853 -0.452880322933197 -11.60089111328125
0.5930453538894653 -0.4522879123687744 -11.9781494140625
1.05655038356781 -0.4522879123687744 -11.9781494140625
1.5200554132461548 -0.4522879123687744 -11.9781494140625
1.98356032371521 -0.4522879123687744 -11.9781494140625
2.4470653533935547 -0.4522879123687744 -11.9781494140625
2.9712815284729004 -0.46172207593917847 -5.9703369140625
3.4444549083709717 -0.46172207593917847 -5.9703369140625
3.9176278114318848 -0.46172207593917847 -5.9703369140625
4.390801429748535 -0.46172207593917847 -5.9703369140625
4.863974094390869 -0.46172207593917847 -5.9703369140625
5.3371477127075195 -0.46172207593917847 -5.9703369140625
5.810320854187012 -0.46172207593917847 -5.9703369140625
6.283493995666504 -0.46172207593917847 -5.9703369140625
6.756667613983154 -0.46172207593917847 -5.9703369140625
7.22983980178833 -0.46172207593917847 -5.9703369140625
7.7030134201049805 -0.46172207593917847 -5.9703369140625
8.176186561584473 -0.46172207593917847 -5.9703369140625
8.649360656738281 -0.46172207593917847 -5.9703369140625
9.132336616516113 -0.462218314409256 -5.65435791015625
9.622015953063965 -0.462988018989563 -5.1641845703125
10.068879127502441 -0.46172207593917847 -5.9703369140625
10.54205322265625 -0.46172207593917847 -5.9703369140625
11.015225410461426 -0.46172207593917847 -5.9703369140625
11.488398551940918 -0.46172207593917847 -5.9703369140625
11.767375946044922 -0.4542260766029358 -10.743896484375
12.180670738220215 -0.4522879123687744 -11.9781494140625
12.64417552947998 -0.4522879123687744 -11.9781494140625
13.107681274414062 -0.4522879123687744 -11.9781494140625
13.571185111999512 -0.4522879123687744 -11.9781494140625
14.035447120666504 -0.45231226086616516 -11.962615966796875
14.523414611816406 -0.4530746042728424 -11.477142333984375
15.012513160705566 -0.4538239538669586 -10.999969482421875
15.477592468261719 -0.4538239538669586 -10.999969482421875
15.942671775817871 -0.4538239538669586 -10.999969482421875
16.407751083374023 -0.4538239538669586 -10.999969482421875
16.87282943725586 -0.4538239538669586 -10.999969482421875
17.337907791137695 -0.4538239538669586 -10.999969482421875
17.802988052368164 -0.4538239538669586 -10.999969482421875
18.26806640625 -0.4538239538669586 -10.999969482421875
18.73314666748047 -0.4538239538669586 -10.999969482421875
19.198225021362305 -0.4538239538669586 -10.999969482421875
19.663305282592773 -0.4538239538669586 -10.999969482421875
20.128385543823242 -0.4538239538669586 -10.999969482421875
20.593463897705078 -0.4538239538669586 -10.999969482421875
21.058542251586914 -0.4538239538669586 -10.999969482421875
21.523622512817383 -0.4538239538669586 -10.999969482421875
21.98870086669922 -0.4538239538669586 -10.999969482421875
22.453781127929688 -0.4538239538669586 -10.999969482421875
22.918859481811523 -0.4538239538669586 -10.999969482421875
23.38393783569336 -0.4538239538669586 -10.999969482421875
23.849018096923828 -0.4538239538669586 -10.999969482421875
24.314096450805664 -0.4538239538669586 -10.999969482421875
24.779176712036133 -0.4538239538669586 -10.999969482421875
25.24425506591797 -0.4538239538669586 -10.999969482421875
26.156768798828125 -0.46172207593917847 -5.9703369140625
26.629940032958984 -0.46172207593917847 -5.9703369140625
27.103113174438477 -0.46172207593917847 -5.9703369140625
27.5762882232666 -0.46172207593917847 -5.9703369140625
28.049461364746094 -0.46172207593917847 -5.9703369140625
28.522634506225586 -0.46172207593917847 -5.9703369140625
28.995807647705078 -0.46172207593917847 -5.9703369140625
29.468978881835938 -0.46172207593917847 -5.9703369140625
29.942155838012695 -0.46172207593917847 -5.9703369140625
30.415327072143555 -0.46172207593917847 -5.9703369140625
30.888500213623047 -0.46172207593917847 -5.9703369140625
31.36167335510254 -0.46172207593917847 -5.9703369140625
31.8348445892334 -0.46172207593917847 -5.9703369140625
32.308021545410156 -0.46172207593917847 -5.9703369140625
32.781192779541016 -0.46172207593917847 -5.9703369140625
33.25436782836914 -0.46172207593917847 -5.9703369140625
33.7275390625 -0.46172207593917847 -5.9703369140625
34.20071029663086 -0.46172207593917847 -5.9703369140625
34.673885345458984 -0.46172207593917847 -5.9703369140625
35.14706039428711 -0.46172207593917847 -5.9703369140625
35.62023162841797 -0.46172207593917847 -5.9703369140625
36.093406677246094 -0.46172207593917847 -5.9703369140625
36.56657791137695 -0.46172207593917847 -5.9703369140625
37.03974914550781 -0.46172207593917847 -5.9703369140625
37.5129280090332 -0.46172207593917847 -5.9703369140625
37.98609924316406 -0.46172207593917847 -5.9703369140625
