0.13396069407463074 -7.657538414001465 -2.14996337890625
0.13216163218021393 -7.081815719604492 -6.149993896484375
0.13216163218021393 -6.608931541442871 -6.149993896484375
0.13283629715442657 -6.167370796203613 -4.64996337890625
0.13283629715442657 -5.692072868347168 -4.64996337890625
0.13283629715442657 -5.216774940490723 -4.64996337890625
0.13283629715442657 -4.741477012634277 -4.64996337890625
0.13283629715442657 -4.266179084777832 -4.64996337890625
0.13283629715442657 -3.7908809185028076 -4.64996337890625
0.13283629715442657 -3.3155832290649414 -4.64996337890625
0.13283629715442657 -2.840285301208496 -4.64996337890625
0.13283629715442657 -2.3649871349334717 -4.64996337890625
0.1322515904903412 -1.8813717365264893 -5.949981689453125
0.1322515904903412 -1.4081658124923706 -5.949981689453125
0.13220997154712677 -0.9346657395362854 -6.042510986328125
0.13194230198860168 -0.4606741964817047 -6.637664794921875
0.13180993497371674 0.011413545347750187 -6.931976318359375
0.131741464138031 0.4827881455421448 -7.084228515625
0.13173386454582214 0.954113781452179 -7.10107421875
0.13177472352981567 1.4259092807769775 -7.01025390625
0.13188022375106812 1.898927927017212 -6.77569580078125
0.1320798695087433 2.374394178390503 -6.331787109375
0.1322515904903412 2.850687026977539 -5.949981689453125
0.1322515904903412 3.323892831802368 -5.949981689453125
0.1322515904903412 3.7970988750457764 -5.949981689453125
0.1322515904903412 4.2703046798706055 -5.949981689453125
0.1322515904903412 4.7435102462768555 -5.949981689453125
0.1322515904903412 5.216716289520264 -5.949981689453125
