0.13066178560256958 -0.45620328187942505 -9.484771728515625
0.598179280757904 -0.45620328187942505 -9.484771728515625
1.0656968355178833 -0.45620328187942505 -9.484771728515625
1.5332143306732178 -0.45620328187942505 -9.484771728515625
2.000731945037842 -0.45620328187942505 -9.484771728515625
2.4682493209838867 -0.45620328187942505 -9.484771728515625
2.9357669353485107 -0.45620328187942505 -9.484771728515625
3.4032845497131348 -0.45620328187942505 -9.484771728515625
3.8708019256591797 -0.45620328187942505 -9.484771728515625
4.338319778442383 -0.45620328187942505 -9.484771728515625
4.813985824584961 -0.45697689056396484 -8.992156982421875
5.282296657562256 -0.45697689056396484 -8.992156982421875
5.750606536865234 -0.45697689056396484 -8.992156982421875
6.218916893005371 -0.45697689056396484 -8.992156982421875
6.68722677230835 -0.45697689056396484 -8.992156982421875
7.1555376052856445 -0.45697689056396484 -8.992156982421875
7.623847961425781 -0.45697689056396484 -8.992156982421875
8.092158317565918 -0.45697689056396484 -8.992156982421875
8.560468673706055 -0.45697689056396484 -8.992156982421875
9.028779029846191 -0.45697689056396484 -8.992156982421875
9.497088432312012 -0.45697689056396484 -8.992156982421875
9.965398788452148 -0.45697689056396484 -8.992156982421875
10.433709144592285 -0.45697689056396484 -8.992156982421875
10.902019500732422 -0.45697689056396484 -8.992156982421875
11.370329856872559 -0.45697689056396484 -8.992156982421875
11.838640213012695 -0.45697689056396484 -8.992156982421875
12.306950569152832 -0.45697689056396484 -8.992156982421875
-12.959829330444336 0.01131412759423256 -9.484771728515625
-12.492310523986816 0.01131412759423256 -9.484771728515625
-12.02479362487793 0.01131412759423256 -9.484771728515625
-11.557275772094727 0.01131412759423256 -9.484771728515625
-11.08975887298584 0.01131412759423256 -9.484771728515625
-10.622241020202637 0.01131412759423256 -9.484771728515625
-10.154723167419434 0.01131412759423256 -9.484771728515625
-9.687206268310547 0.01131412759423256 -9.484771728515625
-9.219688415527344 0.01131412759423256 -9.484771728515625
-8.752171516418457 0.01131412759423256 -9.484771728515625
-8.284653663635254 0.01131412759423256 -9.484771728515625
-7.817136287689209 0.01131412759423256 -9.484771728515625
-7.349618434906006 0.01131412759423256 -9.484771728515625
-6.882101058959961 0.01131412759423256 -9.484771728515625
-6.414583683013916 0.01131412759423256 -9.484771728515625
-5.947066307067871 0.01131412759423256 -9.484771728515625
-5.479548454284668 0.01131412759423256 -9.484771728515625
-5.012031078338623 0.01131412759423256 -9.484771728515625
-4.54451322555542 0.01131412759423256 -9.484771728515625
-4.076995849609375 0.01131412759423256 -9.484771728515625
-3.60947847366333 0.01131412759423256 -9.484771728515625
-3.141960859298706 0.01131412759423256 -9.484771728515625
-2.674443483352661 0.01131412759423256 -9.484771728515625
-2.206925868988037 0.01131412759423256 -9.484771728515625
-1.739408254623413 0.01131412759423256 -9.484771728515625
-1.2718907594680786 0.01131412759423256 -9.484771728515625
-0.8043732643127441 0.01131412759423256 -9.484771728515625
-0.3368557393550873 0.01131412759423256 -9.484771728515625
